y coords: [0.08669052 0.0925     0.09830948 0.08604503 0.09213626 0.09822749
 0.08539953 0.09177251 0.0981455  0.09177251 0.09536374 0.09895497
 0.08890877 0.09375    0.09859123 0.08604503 0.09213626 0.09822749
 0.0968545  0.09822749 0.09960047 0.09177251 0.09536374 0.09895497
 0.08669052 0.0925     0.09830948]
is_prism: False
cell_face_misalignment: 2.220446049250313e-16
det_jacs: [1.94046806e-05 6.16179399e-06 3.13060182e-07 1.09346991e-05
 3.47222222e-06 1.76412019e-07 2.46471760e-06 7.82650454e-07
 3.97638567e-08 1.94046806e-05 6.16179399e-06 3.13060182e-07
 1.09346991e-05 3.47222222e-06 1.76412019e-07 2.46471760e-06
 7.82650454e-07 3.97638567e-08 1.94046806e-05 6.16179399e-06
 3.13060182e-07 1.09346991e-05 3.47222222e-06 1.76412019e-07
 2.46471760e-06 7.82650454e-07 3.97638567e-08]
