cell 69 scaled_quality: [0.15876428 0.15876428 0.15876428 0.17467383 0.17467383 0.17467383
 0.18333696 0.18333696 0.18333696 0.30706829 0.30706829 0.30706829
 0.31742465 0.31742465 0.31742465 0.321808   0.321808   0.321808
 0.88139817 0.88139817 0.88139817 0.88127093 0.88127093 0.88127093
 0.8786022  0.8786022  0.8786022 ]
global scaled_quality min/mean: 0.08055636548205591, 0.419023065837628
cell 69 node coords:
[[0.13333333 0.08333333 0.        ]
 [0.13333333 0.1        0.1       ]
 [0.13333333 0.08333333 0.1       ]
 [0.26666667 0.1        0.1       ]]
